% This script sets all model  & controller parameters for the 
% Laser Light Show

Time = [0
0.00062
0.00122
0.001832
0.002452
0.003084
0.003704
0.004344
0.004976
0.005676
0.00636
0.007056
0.00776
0.008484
0.00918
0.00988
0.010604
0.01132
0.01206
0.012804
0.013544
0.01428
0.015044
0.015808
0.016572
0.017328
0.018112
0.018892
0.019696
0.020536
0.0214
0.022264
0.023152
0.02404
0.024944
0.025848
0.026756
0.027676
0.02862
0.029568
0.030512
0.0315
0.032504
0.033492
0.034516
0.03552
0.036584
0.037628
0.038696
0.03978
0.040884
0.042028
0.043156
0.0443
0.045468
0.046692
0.047876
0.04912
0.050412
0.051696
0.053
0.05434
0.055752
0.057156
0.058624
0.060108
0.061616
0.063156
0.064748
0.066388
0.06822
0.070068
0.072016
0.074024
0.076112
0.07826
0.080528
0.082936
0.085488
0.087992
0.090704
0.093512
0.09642
0.099304
0.102412
0.105648
0.108852
0.1122
0.115728
0.119196
0.122804
0.126572
0.130324
0.134164
0.138116
0.142044
0.146192
0.150216
0.154388
0.158552
0.1628
0.167132
0.171376
0.17578
0.180084
0.184596
0.18892
0.193404
0.197812
0.202376
0.20684
0.211412
0.215916
0.220468
0.225052
0.22954
0.23418
0.238664
0.243312
0.247856
0.252588
0.257088
0.26182
0.2663
0.271028
0.275596
0.28032
0.284888
0.289612
0.29418
0.298904
0.303472
0.308256
0.31282
0.317572
0.322416
0.327488
0.332336
0.337368
0.342276
0.347312
0.352152
0.357224
0.362096
0.367108
0.372096
0.377048
0.381972
0.386964
0.391976
0.396904
0.401936
0.406844
0.411876
0.41672
0.421812
0.426724
0.431816
0.436684
0.441776
0.446688
0.45172
0.456624
0.461656
0.466588
0.471596
0.476608
0.481596
0.486608
0.491472
0.496564
0.501492
0.506568
0.511436
0.516528
0.52146
0.526552
0.531396
0.536488
0.54142
0.546512
0.55142
0.556452
0.56144
0.566452
0.57144
0.576408
0.58142
0.586348
0.59144
0.596372
0.601464
0.606372
0.611488
0.616328
0.621424
0.626352
0.631444
0.636436
0.641468
0.64646
0.651492
0.656504
0.661428
0.6665
0.671448
0.676544
0.681472
0.686564
0.691472
0.696588
0.701432
0.706584
0.711452
0.716544
0.721512
0.726564
0.731556
0.736588
0.7416
0.746524
0.751596
0.756544
0.761616
0.766544
0.77166
0.776568
0.78168
0.786592
0.791704
0.796608
0.8017
0.806628
0.81166
0.816672
0.821684
0.826696
0.831704
0.836776
0.84164
0.846736
0.851664
0.85682
0.861752
0.866864
0.871776
0.876888
0.88182
0.886824
0.891816
0.896848
0.90186
0.906872
0.911944
0.916892
0.921984
];

Velocity = [0
12.87537973
12.96036573
25.49994037
37.63888962
37.63888962
37.39991254
49.39611091
58.96382608
56.74842221
56.91291039
67.31984258
76.99981994
77.43362174
67.51273611
77.21611157
87.2664626
97.09592679
105.8488091
105.8488091
106.4225154
115.1917306
123.3609681
123.3609681
124.0102363
132.5996899
150.6518216
148.7496522
143.3208327
156.7109011
163.6246174
170.3489167
176.8914782
184.0776945
191.1367212
199.3836397
206.2314652
202.2484541
207.5576542
224.1622665
227.6516416
236.5657119
244.4512356
249.8284416
255.6029526
265.8504422
275.7090327
275.1868565
284.670338
294.3448327
307.4512383
318.0309464
311.1172302
326.1168845
334.9105881
326.162028
342.8838769
359.2515258
365.8687097
376.3113302
380.2230141
388.1328133
401.6240608
410.2009906
420.3689357
425.2490056
438.0501568
441.3476269
447.1326178
465.9908458
478.0684473
484.1495528
492.3628527
506.21366
511.7325144
519.3303073
537.4837731
554.2124137
506.4078348
505.9313322
569.1291039
585.3387292
515.2819442
516.4333718
596.7243297
556.1204387
522.6398035
575.6845177
559.0741643
534.9942266
604.8076963
547.2721245
544.1509931
616.8681674
554.1641864
583.505322
565.1176212
565.3793514
591.6867162
571.4023728
609.6447282
567.8018439
592.1364507
571.821814
571.9437624
572.4269095
579.5967373
575.8879921
565.5006839
584.6118363
575.4023729
588.4428725
574.131608
588.0170138
576.581985
591.9740758
575.0175067
588.2745771
572.4725516
585.9158356
578.4995138
578.4995138
583.1658096
585.1250435
579.5859941
576.454528
573.073563
583.216458
578.1450105
578.1450105
579.835493
572.7561457
579.7226495
585.0862231
582.7464489
584.5339296
585.8816945
586.6638103
581.5423021
573.4101635
583.7203847
570.5071405
587.6269445
573.7125394
581.1946409
564.1592441
588.491941
573.4452101
585.6727608
572.0606341
586.6829654
584.7028581
589.443692
583.7203847
578.614589
579.3920878
582.5324243
580.3745464
580.3745464
585.6727608
573.4101635
583.3573315
567.5481897
588.023916
567.3198001
586.3052158
563.9158813
576.4822519
569.4057159
580.6077222
580.0345718
590.3832656
589.2065868
588.2600702
581.3701489
578.236078
589.6809882
589.6809882
581.3701489
565.6997945
587.4778262
565.7395221
580.0345718
568.6282703
589.0486225
567.9858152
588.6551365
576.8014681
583.1698938
578.236078
582.9371843
587.4778262
581.3701489
591.6518909
591.2619024
579.8031134
565.9256227
582.5841196
565.6997945
587.6382907
570.4009008
584.9042475
565.9672756
584.5700616
573.7639278
588.0320777
589.2053261
589.4405378
587.4778262
586.0712552
588.2600702
587.7129114
586.3052158
569.3348132
580.8511268
565.9256227
586.4681626
567.2668299
584.9042475
572.2909323
590.8557612
573.7639278
586.3052158
587.4778262
581.7764173
582.9371843
586.3052158
589.2053261
589.2053261
589.6759374
578.284362
589.4405378
569.3348132
584.9042475
565.6997945
590.7723615
564.3579617
579.6986444
577.0336748
586.6829654
586.0712552
584.1418312
583.9102127
584.9042475
589.2053261
589.2053261
584.9042475
569.1291039
584.5700616
565.6997945
586.4681626
564.132759
584.1418312
564.3579617
575.7500481
579.8031134
];